087
187
274
403
297
390
034
665
122
565
304
427
384
580
438
548
099
148
428
335
575
385
482
447
397
505
660
649
052
544
270
503
240
639
159
220
661
129
642
609
655
310
364
272
104
404
059
044
579
578
096
626
418
131
105
464
045
005
646
186
284
556
210
511
043
678
100
551
037
348
280
478
526
381
671
568
411
405
644
652
111
545
587
316
093
322
336
585
516
378
426
268
332
412
382
459
246
479
440
252
497
607
323
506
321
490
192
330
108
342
028
181
444
014
287
070
653
453
151
101
149
446
443
074
498
352
344
531
621
162
017
021
500
308
265
439
008
485
262
343
071
365
406
413
431
451
530
376
023
553
146
581
349
266